hw_average = [90:96; 80:86;70:76]
